Num       RefCount Protocol Flags    Type St Inode Path
00000000fee1fbc3: 00000003 00000000 00000000 0001 03  6707
00000000cae28b6a: 00000003 00000000 00000000 0001 03  7284 @/tmp/.X11-unix/X99
000000005941ade6: 00000003 00000000 00000000 0001 03  6706
00000000828cc6ef: 00000003 00000000 00000000 0001 03  7471
000000006026ea25: 00000003 00000000 00000000 0001 03  7472
000000000778aa1a: 00000003 00000000 00000000 0001 03  7351
00000000e0f59104: 00000003 00000000 00000000 0001 03  7352
000000008294095e: 00000003 00000000 00000000 0001 03  7259
000000008bb4ae30: 00000003 00000000 00000000 0002 03  1360 /run/systemd/notify
00000000206d84be: 00000002 00000000 00010000 0001 01  1363 /run/systemd/private
00000000dad0d1bd: 00000003 00000000 00000000 0001 03  7260
0000000011d0bc2d: 00000002 00000000 00010000 0001 01  1365 /run/systemd/userdb/io.systemd.DynamicUser
00000000af5c38eb: 00000002 00000000 00010000 0001 01  1366 /run/systemd/io.system.ManagedOOM
00000000d3a16c09: 00000003 00000000 00000000 0001 03  7473
00000000fc9e0841: 00000002 00000000 00000000 0002 01  1380 /run/systemd/journal/dev-log
00000000dc82bb01: 00000003 00000000 00000000 0001 03  6644
000000008dfb7389: 00000006 00000000 00000000 0002 03  1382 /run/systemd/journal/socket
00000000c90e8ca3: 00000003 00000000 00000000 0001 03  7225
00000000e6ab5e44: 00000002 00000000 00010000 0001 01  1384 /run/systemd/journal/stdout
0000000067dd93fe: 00000002 00000000 00010000 0005 01  1386 /run/udev/control
00000000154ef556: 00000003 00000000 00000000 0001 03  6643
00000000afffad1f: 00000003 00000000 00000000 0001 03  7474
00000000d2508b3b: 00000003 00000000 00000000 0001 03  6657
0000000051310418: 00000003 00000000 00000000 0001 03  7226
00000000c3b297f9: 00000003 00000000 00000000 0001 03  6656
00000000f246c1da: 00000003 00000000 00000000 0001 03  7227
0000000043c73abd: 00000003 00000000 00000000 0001 03  6484
00000000cc60a3fb: 00000003 00000000 00000000 0001 03  7228
000000003056f775: 00000003 00000000 00000000 0001 03  6483
0000000091c69eb5: 00000003 00000000 00000000 0001 03  7229
000000003e59aa4d: 00000003 00000000 00000000 0001 03  6501
000000002bdc70dd: 00000003 00000000 00000000 0001 03  7230
0000000073e5a7cf: 00000003 00000000 00000000 0001 03  6500
000000000a3fc6c2: 00000003 00000000 00000000 0001 03  7283
00000000966aad4c: 00000002 00000000 00010000 0001 01  8197 /home/ubuntu/.vm-daemon/vm-daemon-cursor-data/1.3.-main.sock
0000000093070001: 00000003 00000000 00000000 0001 03   328 /run/systemd/journal/stdout
000000003c979314: 00000003 00000000 00000000 0001 03  7567
00000000bf9dfaec: 00000003 00000000 00000000 0002 03  4168
000000001a239469: 00000002 00000000 00000000 0002 03  4211
000000002e59d19a: 00000003 00000000 00000000 0001 03  5526
000000004973e34a: 00000002 00000000 00010000 0001 01   319 /run/dbus/system_bus_socket
000000000cedf97e: 00000003 00000000 00000000 0001 03  3367 /run/systemd/journal/stdout
00000000e8975445: 00000002 00000000 00010000 0001 01   321 /run/docker.sock
000000005bbf4d4e: 00000003 00000000 00000000 0001 03  1620
00000000c3a27c8e: 00000003 00000000 00000000 0002 03  4216
0000000069d7f8f4: 00000003 00000000 00000000 0001 03  7690
0000000010d2842c: 00000003 00000000 00000000 0002 03  4219
000000007850cf3e: 00000003 00000000 00000000 0002 03  4218
00000000883b2a48: 00000003 00000000 00000000 0002 03  4217
000000008b1e0005: 00000003 00000000 00000000 0001 03  4261
0000000014fc0f18: 00000003 00000000 00000000 0001 03   771 /run/containerd/containerd.sock.ttrpc
00000000d5c4bc86: 00000003 00000000 00000000 0001 03  1602 /run/systemd/journal/stdout
000000009cfd3260: 00000003 00000000 00000000 0001 03  1883
000000004276f776: 00000003 00000000 00000000 0001 03  4283
00000000722685e8: 00000003 00000000 00000000 0001 03  7691
00000000a3aac6f9: 00000003 00000000 00000000 0001 03  7692
000000008083bb4f: 00000003 00000000 00000000 0001 03  4231
00000000bd55db55: 00000002 00000000 00000000 0002 03  1864
000000008ccaf40a: 00000003 00000000 00000000 0001 03  5527
00000000496720ba: 00000003 00000000 00000000 0001 03  7689
00000000793115c4: 00000003 00000000 00000000 0001 03  7566
00000000971c8343: 00000003 00000000 00000000 0002 03  4167
000000004da53964: 00000002 00000000 00010000 0001 01  7542 /tmp/vscode-git-d16db5b8a1.sock
000000003363344e: 00000002 00000000 00010000 0001 01  5685 /home/ubuntu/.vm-daemon/vm-daemon-cursor-data/sw46035084358ab7902be4bfef220bdb503ac7039cc861905b05.sock
00000000debaa2bd: 00000002 00000000 00000000 0002 03  4163
000000008db603b0: 00000003 00000000 00000000 0001 03  1587
00000000c0163eff: 00000003 00000000 00000000 0001 03  1591 /run/dbus/system_bus_socket
000000005fd46232: 00000003 00000000 00000000 0001 03   348
000000008a5d9063: 00000002 00000000 00000000 0002 03   728
000000006ca7fd56: 00000002 00000000 00000000 0002 03   358
00000000774aa10b: 00000003 00000000 00000000 0005 03  6279
00000000bc7593eb: 00000003 00000000 00000000 0005 03  6280
000000009d2cc98f: 00000003 00000000 00000000 0001 03  1586
00000000d983f583: 00000003 00000000 00000000 0001 03   370 /run/dbus/system_bus_socket
00000000deed02af: 00000003 00000000 00000000 0001 03  7124
00000000f2ef597f: 00000003 00000000 00000000 0005 03  6283
00000000b9848765: 00000003 00000000 00000000 0001 03   369
0000000041318d1a: 00000003 00000000 00000000 0001 03   261 /run/systemd/journal/stdout
00000000e3120d08: 00000003 00000000 00000000 0001 03  7125
00000000979667aa: 00000003 00000000 00000000 0001 03  3655 /run/containerd/s/110a0c70cbaf98d9760df72dfc3648c3cd77cacef6dcdc21a0059768a8a23126
000000003077a4bc: 00000003 00000000 00000000 0001 03  1589 /run/dbus/system_bus_socket
00000000fcc6b6c3: 00000002 00000000 00010000 0001 01  1615 /run/containerd/containerd.sock.ttrpc
00000000db6b92dc: 00000002 00000000 00010000 0001 01  1618 /run/containerd/containerd.sock
000000005e9d6007: 00000003 00000000 00000000 0002 03  1362
00000000296490f0: 00000003 00000000 00000000 0001 03   747
000000004df68834: 00000003 00000000 00000000 0001 03   331
000000003391673f: 00000002 00000000 00010000 0001 01  4282 /var/run/docker/metrics.sock
000000001b87cf44: 00000003 00000000 00000000 0001 03   332 /run/systemd/journal/stdout
00000000c75b3af8: 00000003 00000000 00000000 0002 03  1361
000000003ed0be80: 00000003 00000000 00000000 0001 03   778
0000000020a373dc: 00000002 00000000 00010000 0001 01   567 /var/run/docker/libnetwork/51a8f7bd0716.sock
00000000bde4cc84: 00000003 00000000 00000000 0001 03   777
00000000aed0eed5: 00000003 00000000 00000000 0001 03   323
0000000048a2e019: 00000003 00000000 00000000 0001 03  6473
000000007d5ec1e5: 00000003 00000000 00000000 0001 03  6474
00000000f639ab32: 00000003 00000000 00000000 0005 03  6285
000000001fa6eb3a: 00000003 00000000 00000000 0005 03  6299
00000000b19a2afd: 00000002 00000000 00010000 0001 01   727 /run/systemd/journal/io.systemd.journal
00000000d75d2ba9: 00000003 00000000 00000000 0001 03   260
00000000e4566062: 00000003 00000000 00000000 0005 03  6298
00000000510ebcb2: 00000003 00000000 00000000 0002 03  5384
000000003635279f: 00000003 00000000 00000000 0001 03  8286
00000000bd66566b: 00000003 00000000 00000000 0001 03  3319
00000000a127ed8c: 00000003 00000000 00000000 0002 03  5385
00000000f9f73022: 00000003 00000000 00000000 0001 03  8264
000000009a45673a: 00000003 00000000 00000000 0001 03  1499 /run/systemd/journal/stdout
0000000000dec23a: 00000003 00000000 00000000 0001 03  8265
0000000003d11d80: 00000003 00000000 00000000 0001 03  5520
000000007ca42009: 00000002 00000000 00010000 0001 01  4509 /run/containerd/s/110a0c70cbaf98d9760df72dfc3648c3cd77cacef6dcdc21a0059768a8a23126
000000009783f1d6: 00000003 00000000 00000000 0001 03  8305
0000000044185835: 00000003 00000000 00000000 0002 03  3494
000000004a7d30be: 00000003 00000000 00000000 0001 03  8284
000000009cde8767: 00000003 00000000 00000000 0001 03  8678
00000000374f5bcb: 00000003 00000000 00000000 0001 03  6443 @/tmp/.X11-unix/X99
000000007117147f: 00000003 00000000 00000000 0001 03  5521
000000009183389a: 00000003 00000000 00000000 0001 03  8679
000000003ed184e5: 00000003 00000000 00000000 0001 03  5509 @/tmp/.X11-unix/X99
00000000846534bd: 00000003 00000000 00000000 0001 03  5115
000000007b2fe0eb: 00000003 00000000 00000000 0001 03  8289
00000000072e9160: 00000003 00000000 00000000 0001 03  6466 @/tmp/.X11-unix/X99
000000000cacf1c4: 00000003 00000000 00000000 0001 03  5522
000000006e10c664: 00000003 00000000 00000000 0001 03  8288
00000000730b31bd: 00000003 00000000 00000000 0001 03  5510 @/tmp/.X11-unix/X99
0000000046e9d216: 00000003 00000000 00000000 0001 03  5116
00000000b9150f98: 00000003 00000000 00000000 0001 03  6467 @/tmp/.X11-unix/X99
00000000042f233a: 00000003 00000000 00000000 0001 03  8196
0000000082604258: 00000003 00000000 00000000 0001 03  5519
00000000df402c9d: 00000003 00000000 00000000 0001 03  8287
00000000eff44b55: 00000003 00000000 00000000 0001 03  6442 @/tmp/.X11-unix/X99
000000003b2c3277: 00000003 00000000 00000000 0001 03 11224 /home/ubuntu/.vm-daemon/vm-daemon-cursor-data/sw46035084358ab7902be4bfef220bdb503ac7039cc861905b05.sock
000000008aae00d5: 00000003 00000000 00000000 0001 03  8268
00000000fdd3a0f5: 00000003 00000000 00000000 0001 03  5511
00000000332054fd: 00000003 00000000 00000000 0001 03  4404 /run/systemd/journal/stdout
00000000124c3795: 00000003 00000000 00000000 0001 03  5512
000000006aaf5b2f: 00000003 00000000 00000000 0001 03 12031
00000000f2a93cea: 00000003 00000000 00000000 0001 03  8306
00000000ae07c414: 00000003 00000000 00000000 0001 03  3487
0000000001658675: 00000003 00000000 00000000 0001 03  1631 /run/containerd/containerd.sock
00000000b6c8e8ed: 00000003 00000000 00000000 0002 03  3493
000000000fcca0e0: 00000003 00000000 00000000 0001 03  8267
00000000d31ecc97: 00000002 00000000 00010000 0001 01  5435 /tmp/.X11-unix/X99
000000003c631b4c: 00000003 00000000 00000000 0001 03  8285
00000000b05b7c3a: 00000003 00000000 00000000 0001 03  5386
0000000066b7bc8c: 00000003 00000000 00000000 0001 03  1629 /run/containerd/containerd.sock
00000000e4debb74: 00000003 00000000 00000000 0001 03  8195
00000000e4787972: 00000003 00000000 00000000 0001 03  5387 /run/docker.sock
000000006b8b4d69: 00000003 00000000 00000000 0001 03  3381
00000000c8f6f528: 00000002 00000000 00000000 0002 01   745 @ed734
000000006f9844f1: 00000002 00000000 00010000 0001 01  5434 @/tmp/.X11-unix/X99
00000000dab30f21: 00000003 00000000 00000000 0005 03  6282 @a094e
00000000c2dcb118: 00000003 00000000 00000000 0005 03  6284 @31959
