sk               Eth Pid        Groups   Rmem     Wmem     Dump  Locks    Drops    Inode
0000000023877276 0   896        00000113 0        0        0     2        0        6302    
00000000f1b53ce6 0   0          00000000 0        0        0     2        0        4       
0000000000dde638 0   3520115610 00000000 0        0        0     2        0        1877    
00000000f6ce85a0 0   1283       00000000 832      0        0     2        0        3390    
00000000d4a32539 4   0          00000000 0        0        0     2        0        3167    
0000000043a529f3 6   0          00000000 0        0        0     2        0        3169    
00000000d5d6acf3 6   1283       00000000 0        0        0     2        0        3391    
00000000f7ac8ba8 7   0          00000000 0        0        0     2        0        2056    
0000000087cc57d0 8   0          00000000 0        0        0     2        0        3164    
000000008e8c1d6f 9   3078638330 00000000 0        0        0     2        0        1429    
00000000432f3d2c 9   0          00000000 0        0        0     2        0        6       
00000000901d46db 9   1          00000001 0        0        0     2        0        1379    
0000000039a9c5df 10  0          00000000 0        0        0     2        0        36      
00000000e1a126a5 11  0          00000000 0        0        0     2        0        16      
00000000a78ce4cf 12  1283       00000000 0        0        0     2        0        3392    
000000006bca2cac 12  0          00000000 0        0        0     2        0        3168    
00000000c79ffe3f 15  2588612046 00000002 0        0        0     2        0        366     
00000000a292ffcd 15  2874651536 00000002 0        0        0     2        0        367     
0000000026bc59ab 15  2734891881 00000002 0        0        0     2        0        368     
00000000d84b2108 15  1248       00000002 0        0        0     2        0        365     
000000001d84c327 15  1          00000002 0        0        0     2        0        1359    
000000004d5ddabe 15  896        00000000 0        0        0     2        0        6373    
00000000a15b21d3 15  0          00000000 0        0        0     2        0        10      
000000007e07c51e 15  3058358136 00000001 0        0        0     2        0        1388    
00000000cf561e65 16  0          00000000 0        0        0     2        0        5       
